007826
002786
006286
002962
008297
009189
009823
002976
002745
006523
008268
004452
002023
005980
004446
002037
009162
006251
000620
000146
007629
001258
002751
002989
007601
001270
002779
005016
003301
006279
007167
008254
000608
005764
007615
008526
009638
006084
001933
004693
002584
008917
000387
003856
002590
004687
005599
001927
008095
006912
004863
002221
007359
009374
009412
004136
002547
004122
003895
006735
009406
008718
000344
004644
007365
009348
001714
003103
005214
001072
008730
001066
006709
007417
003671
002209
005566
003117
008042
001847
000581
003088
003936
006696
006682
004095
002382
001853
004903
008687
006866
002355
006133
009200
000224
009566
002433
002427
005348
006899
009214
008122
007211
003077
004718
005406
002369
005360
003711
000218
008644
001106
007563
001112
008888
005374
003705
003063
007205
004283
002194
000797
002180
005189
007946
006480
002816
008485
000967
000973
007991
009764
007749
000026
000740
009002
004526
004532
000754
009016
006325
006443
000032
002625
001304
009758
007775
008320
000768
007007
006319
003261
005176
001310
008452
003260
005611
006318
008335
007006
008453
007760
001311
002618
005177
004269
003506
001463
003274
005605
000755
002142
004255
000033
006442
007984
007748
006456
004241
004527
005639
002156
006330
000999
000972
002803
009942
008484
002817
000966
002181
005836
000796
001488
007947
004296
006495
007953
000782
003704
001113
007204
008137
001675
005413
002368
005407
004719
007210
001661
001107
006668
007576
008645
000219
009573
004057
005349
002340
009215
001649
000543
002354
009567
006654
000225
008692
006867
004916
004902
009598
003923
008876
003089
008862
006697
003937
000379
007416
008725
006708
007370
008043
003116
004679
002208
003102
005573
009349
008057
008731
001073
005215
003664
009407
006734
002234
001729
009375
006046
004651
002220
002546
005229
004137
003658
009413
004876
003857
006091
004686
004692
001932
002585
005765
008241
007172
001265
007614
005003
003466
002778
008533
007600
000609
007166
001517
003300
006250
009163
002036
005981
002988
004321
001259
006536
009605
000147
009611
000153
002744
002022
005995
000635
008269
009177
000806
008282
002977
009822
009836
002963
000812
008296
004484
000184
007833
003499
000190
004490
005956
002791
007831
001298
006291
005940
005954
006285
000192
009808
002785
002975
008280
000804
008294
000810
005968
007819
009834
008519
006534
004323
005983
002034
006252
009161
001529
009175
000637
002020
005029
003458
006520
009613
005001
003470
001501
003316
004479
005773
001515
001273
003464
008900
003855
002593
003699
006939
008914
001930
004848
008082
001918
003869
006911
009388
008096
005559
004647
004121
009405
006736
000347
009411
006722
004135
002544
004653
000435
008069
009377
007372
009439
007414
008727
005203
005217
002578
001071
008733
006078
001717
003100
004928
001688
006681
008874
006859
005388
003921
004082
003935
006695
000582
008848
006865
008690
001878
006124
000555
002342
000233
009571
009565
004727
005439
006130
001887
000541
001677
008653
004069
003706
005363
008647
007212
008121
003074
005405
006483
000794
002183
002197
000958
000780
006497
004280
008492
009954
007979
002801
000964
002815
009940
006440
009773
004257
002140
007038
009015
002632
009767
005175
007762
007004
009029
001475
005613
003262
004519
008323
006468
008445
007776
000019
003510
005161
001460
007011
008322
004518
005606
002169
005160
003511
007777
008444
007763
008450
001312
008336
004524
002155
009000
000742
000024
008478
006455
002633
004242
002627
004256
003539
000030
009772
007987
007039
000756
004530
000965
002800
009955
000971
002196
005821
004281
007950
006482
004295
002182
001104
009558
007575
003713
005404
007213
001662
001676
005410
003061
002419
001110
006657
000540
006131
009202
005438
002343
004732
000554
008108
001892
006125
006643
000232
002425
008691
006864
008849
006694
000583
001845
001689
000597
004929
005389
006858
008732
002579
004108
003667
006079
000408
008040
007373
005202
003673
009438
001064
002545
000352
009410
006045
008068
004652
003129
002237
009362
000420
004120
008929
009389
008083
006910
003868
000391
003698
002586
004849
004691
007398
001931
004685
007165
009148
001514
003303
003465
005014
001272
007603
008530
001266
006509
008524
002021
004450
005996
007159
009174
006247
001528
000150
005028
002747
004322
008518
000622
009160
008295
002960
000805
008281
006284
004493
002784
000193
009809
007824
000187
001299
004487
005799
006290
005979
008285
009825
009831
000815
002794
007834
009819
007820
001289
002958
005789
005951
000829
001504
003313
005762
005004
008534
006519
003461
004468
003307
002019
001510
008252
000626
007149
000140
002757
003449
004326
000154
006243
000632
005992
002025
006914
008939
008087
008093
006900
000381
008905
003688
004859
006096
007388
003844
000395
008911
001060
007411
008722
002569
008044
006069
007363
005574
003105
003663
005212
001074
002555
000424
006055
002233
004656
000430
006041
009414
006727
007439
003887
003918
008695
006860
004911
004905
008859
006874
008871
006684
004093
003924
002384
001855
001841
001699
004939
004087
008865
006690
006848
007565
003703
003065
005414
008130
007217
003717
007571
007559
000236
006647
009212
000550
001896
002347
004722
006135
000544
001882
000222
009560
002435
009789
002804
002810
009945
008483
007968
005819
000949
000791
005831
002186
002838
004291
007798
006486
007940
006492
007954
005825
002192
008332
001470
002179
004508
001316
008454
007767
007773
003273
008326
001464
002145
000752
006323
006445
009776
000034
008468
004246
003529
002637
009762
007997
000020
007029
000746
006337
009004
002151
004520
000021
007996
009763
006450
005159
002636
003528
004247
009005
000753
004535
004253
000035
006444
007772
009039
001465
008327
003272
005603
004509
002178
000009
005171
003500
004284
002193
005824
002187
005830
003299
000948
007799
008482
009944
005818
009950
000545
006134
002352
004723
006652
001129
007558
004051
002420
005429
003058
004737
006120
009213
008125
007216
000579
006108
001101
007570
005367
005373
009549
001673
003064
002391
004938
001840
006849
005398
004092
001854
000592
002385
008680
008858
003919
004910
009373
000431
003138
002226
005549
003886
002540
004131
007438
006726
000343
009401
002554
004643
008079
001713
008051
009429
003662
008723
007410
001061
001707
000419
007376
003110
004694
001934
000394
003845
000380
007389
001920
006097
003879
008086
009398
009617
006524
008509
004333
002024
004455
000633
007148
001539
002030
004441
004327
005039
009603
006530
000141
001277
000169
007606
008535
008253
007174
009159
001263
007612
008521
001288
007821
000828
006281
004496
005788
006295
002795
009830
002965
000814
000800
008284
007809
008292
000816
002967
009832
000802
004494
005952
000194
002783
003489
000180
007189
007162
008251
009629
003462
005007
008523
000619
005761
009173
006240
004457
005991
003338
005749
004331
009615
000143
006532
004325
005985
006254
000625
008279
006903
004872
008084
004866
006917
003847
000396
001936
005588
004682
006095
001922
000382
002595
003660
006718
001077
008053
001711
005577
002218
003106
005563
003112
007374
009359
003674
009417
000355
008709
004133
002542
002224
004655
000433
006042
009371
000427
001739
009365
003648
003890
005239
006730
004912
009588
001842
002393
002387
000590
008872
006687
005365
003714
007572
009239
008127
007214
003072
003066
002378
005417
007200
008655
007566
000209
006678
005371
003700
000221
002436
004047
002350
006136
009205
001881
004735
000235
009577
000962
009946
008494
002807
005826
002191
001498
000786
004286
004292
007943
005601
003270
007016
001467
008443
004279
003516
005173
009749
001315
007002
005615
008319
009007
002152
002634
009761
000023
007980
007758
005629
002146
003258
004537
000989
006320
002621
000036
006447
009774
006321
000750
003259
002153
006335
009006
008318
002635
004244
008456
007765
001314
009748
005614
001472
007003
006309
001466
003271
005600
002609
008442
006484
004293
002184
000793
000787
001499
002190
004287
005199
007956
008495
000977
009947
002812
002345
001894
000552
006123
009576
006645
004052
002423
004046
003729
002437
005358
009562
000220
008132
005416
004708
005370
006679
000208
008654
001102
007215
009238
000591
003098
003926
004091
008873
008867
003932
004085
002392
001843
004913
006862
006876
008683
004907
004898
001738
000340
006731
003891
003885
000354
006725
006043
004654
009358
007375
003675
007413
008720
001062
006719
005210
003107
002219
005576
007361
004683
002594
008913
003846
001937
004867
008085
006916
008091
004873
002755
009600
000142
009166
005984
002027
003339
005990
006241
009614
001248
000156
007639
002741
001260
008522
007611
004318
003477
005006
005760
003311
008244
007177
006269
008250
007163
001512
001274
008536
007605
007836
002796
005947
004481
006296
006282
004495
002782
008293
009833
002966
000694
002083
006583
007845
009868
006597
004380
005920
000680
005908
008592
002901
002915
009698
008586
007138
000657
000131
007886
002732
000125
009667
002054
009129
007104
003362
005713
003404
009897
007662
001207
005061
003410
003376
002068
001561
008223
006959
006781
005288
003821
004196
004828
002281
000496
001950
000482
001944
003835
008960
008790
006965
008948
004814
001978
008784
006971
003809
002524
008009
002256
005539
004627
009303
006030
009465
007448
004141
001011
007460
008753
003606
004169
002518
005511
000469
006018
001777
005263
009459
007474
008747
002493
001830
007299
006187
004948
004790
003941
008814
006839
003969
001818
004960
004974
009288
006805
002450
003996
007528
006636
006150
003028
004747
004753
008169
000535
006622
002444
004035
005303
003772
005465
001603
008141
001617
007266
000509
003000
005471
002478
004009
008633
001171
006391
005840
002691
007931
009908
007925
004592
005854
006385
000904
009920
002875
007919
005868
002134
006352
006434
009707
004223
004237
005129
002646
009713
000051
007058
006346
002120
004551
005897
007070
002108
004579
003216
005101
008425
007702
003564
003202
007064
009049
005114
003565
008430
001414
009048
007065
005672
002109
001400
007071
008342
000078
008424
006409
000050
009712
006421
002647
005128
007059
009060
006353
004544
002135
002653
000044
009706
009935
000911
008381
002684
007924
000093
005699
005841
004587
002848
002690
005470
000508
006179
001170
003767
004008
002479
003773
001164
008140
003015
008168
002323
004034
003983
002445
001158
006637
009504
000246
004020
003997
002337
004746
000520
006151
009289
008197
006810
004961
007298
006838
008815
003798
003954
002492
000285
008801
001825
004785
003175
007475
009458
001004
005262
002519
004168
008752
007461
001010
000468
003161
005510
003149
004626
002257
004140
007449
009464
000332
009470
002525
004632
006025
009316
008008
000454
004801
003808
004815
001945
000483
006794
008961
003834
003820
008975
006958
001789
002280
001206
006569
007677
000118
009882
008222
002069
003377
003363
007105
008236
009128
001212
007663
008550
009896
009666
002055
004424
009100
006233
000656
007139
009114
001548
004430
003439
004356
002727
000130
008587
009841
009699
002914
000865
000871
005909
009855
007878
007688
000859
002096
002082
000695
009869
002094
005923
004397
000867
002916
008585
000898
003349
005738
007649
009664
000132
009670
006543
007885
004354
004432
002043
009116
006225
008208
000654
005704
007113
008220
009880
007675
009658
001204
005062
003413
004368
003407
009894
001576
006219
005710
003188
006782
004195
006972
009499
008793
006966
006755
009466
004142
002533
002255
006033
006027
002241
004630
003639
005248
009472
003611
005260
006769
008744
007477
000318
007311
004618
003177
003163
008036
007305
001012
008988
008750
003605
005274
008817
001833
006184
004793
005499
001827
006190
001199
002490
003956
006806
004977
004963
000250
006621
009512
005328
003759
004750
002321
001628
007259
006153
000522
002335
000244
008618
006635
005314
007503
001172
001614
003003
003017
008142
007271
000278
008624
007517
006609
001166
004591
000091
007926
007932
006392
004585
005843
009089
008397
009923
008368
004552
005894
002645
009710
000052
006437
007729
000046
004220
002889
005658
003229
000720
006351
003567
005116
005102
001364
009738
007715
008426
007073
001402
005664
008427
001365
003214
008341
007072
008355
000709
003200
002678
004209
003566
008433
001371
004221
000047
006436
006350
009063
003228
005881
002136
005895
004553
006344
009711
000906
000912
007933
002693
004584
006387
005856
003599
007270
002308
005467
004779
005315
003002
009249
002334
000523
009507
000245
004023
003994
002452
003758
004037
000251
000537
007258
006146
002320
004962
008180
006813
004976
004786
003957
002491
004792
006185
001832
001775
008037
003162
003604
008989
006768
003176
005507
002268
001761
008023
004631
001749
009315
006026
000331
006740
003638
004143
000325
001985
000443
004625
004816
001952
000494
004194
006783
008976
006797
008962
007489
003837
003189
000480
001211
008553
003406
004369
005077
002718
003360
008235
006218
001577
001563
005705
003374
003412
005063
001205
009659
009881
007884
006542
009671
000133
008209
006224
009117
002042
004433
002056
006230
000899
007890
001239
006556
004341
002730
000872
008584
009842
002917
007847
004396
001588
000682
002095
007853
006595
002913
000862
000876
009852
007857
004386
002091
000686
001598
004392
007843
006585
007670
001201
005067
003416
004379
003370
005701
006208
008225
005715
005073
007664
008557
001215
009649
002734
004345
000123
006234
000645
004423
004437
005729
009113
000889
006220
001229
004351
006963
008796
009488
004812
000484
002293
008966
003827
004190
003199
002287
007314
001765
009339
003614
008999
008741
001017
008755
007466
005517
002278
004609
008033
007300
001771
001981
001759
009463
006988
000321
003628
005259
009477
008769
001995
002244
004972
008190
006803
004966
001836
006181
004796
003947
002481
000296
008806
000282
003953
004782
001611
007260
002318
005311
003760
008635
007506
000269
006618
008621
005305
003774
009259
007274
002324
009271
009517
003984
002442
004033
003990
002456
003748
000241
006156
002330
004999
002867
009932
009098
000902
008386
009926
002873
007923
002683
005852
007089
002697
003589
009729
001375
007704
008437
003204
007062
008351
001413
008345
003210
003576
002668
005107
001361
008423
004231
000731
009073
002126
002132
005885
006355
009066
004542
005884
004224
000042
006433
009700
001348
006427
002641
002899
004230
003239
005648
006341
009072
000730
003211
005660
006369
001406
007077
008422
001360
002669
003577
007705
003205
005674
004581
007088
006396
000081
003588
002696
002682
000095
006382
004595
005853
008387
009099
000903
002866
000917
009502
006631
003749
005338
003991
004998
007249
000526
001638
009270
004754
002443
009516
006625
008608
005304
007513
008620
007275
001604
003013
003007
004768
007261
001610
006619
001176
000268
005310
002494
004783
004797
005489
006180
001837
008813
002480
003946
004967
008191
004973
006802
008768
000334
009476
002523
004152
004634
006023
001758
000446
001980
007329
002251
005258
002537
003629
004146
000320
006989
006751
005270
007467
000308
008032
002279
008026
001002
005264
004191
003826
008973
006786
007498
000491
008967
004185
006962
008783
006976
006221
009112
000888
005728
002047
003359
004436
002721
006547
006553
000122
002735
008218
006235
009106
005714
003365
001214
008556
003403
005072
003417
002709
001200
009884
008542
007671
008224
007117
006209
005700
006584
004387
007856
002090
002906
008595
008581
002912
000863
009851
005919
002910
007868
009845
002938
004391
007840
000849
002086
003398
000685
007854
009879
003401
007667
008232
007101
003367
005716
003373
005702
009138
008226
007673
009886
005064
003415
008568
000134
007883
009676
002723
004352
004434
002045
006223
007129
002051
005058
002737
003429
004346
000120
007897
006551
003818
004805
002284
006784
008971
003824
004193
003830
006948
008965
001799
001941
004839
002290
005514
003165
001772
009448
001014
007465
008756
003603
004178
008742
008024
001766
006009
000450
009312
002247
003159
004636
004150
006747
001028
000336
009460
006753
000322
002253
004622
001982
009306
006035
009299
006814
006800
001809
001821
006196
008805
006828
003788
002496
008811
003011
000518
008144
007511
001160
005306
005312
003763
008636
001174
009528
001612
007263
008150
003005
000524
004742
002333
003993
000242
009500
000256
001148
006627
003987
002441
003039
005448
009272
006141
000530
007908
002870
005879
008385
000915
008391
002864
000083
005845
005851
004597
000929
007920
002680
002858
003575
005104
001362
007713
008346
007075
001404
009058
005662
003213
005676
003207
006419
008434
005110
009702
003549
002657
005138
004540
007049
000726
006357
009064
002125
004232
002643
006425
004555
005893
002124
000733
008409
009717
006424
003548
000041
009703
006430
001439
007048
005111
006418
007712
009059
001405
007074
006381
005850
002859
001388
007921
007935
009918
002695
006395
008390
007909
008384
000900
005878
004031
003986
006626
009515
001149
000257
007538
000531
006140
009273
003038
002332
004743
000525
006632
004025
002454
003992
001175
005475
003004
008151
007276
000519
001607
005461
004019
002468
005307
001161
000294
008810
002483
003945
004794
006183
001834
007289
004958
002497
006829
003979
008186
008838
002534
004145
000323
009461
009307
008019
004623
006020
007458
000337
002520
007470
001001
005267
002508
003170
008031
007302
003164
005515
005273
008757
001015
006949
004186
005298
002291
000486
001940
000492
001954
002285
004192
008970
008958
008794
004421
007128
000647
001559
009105
006236
006550
000121
004347
002722
000653
006222
007114
001565
005065
001203
009887
007672
008541
006578
000109
007666
005071
004409
007100
001571
000684
004384
009878
006593
007855
007699
006587
007841
004390
002939
005930
000848
000690
005918
000860
008582
007869
008596
000874
009691
007864
009685
000879
005901
000689
001597
000851
003380
004389
005097
007680
007694
002934
000845
000676
002061
005068
004376
003419
000110
000104
008558
006575
002713
004404
003343
005732
001554
000892
009108
008216
007125
005054
003425
000138
008564
007657
006549
001226
008202
004438
002049
008955
001971
008799
003814
007482
006944
008969
001795
002288
003828
005281
006950
000312
004174
002505
002263
004612
000474
009336
006005
000460
006011
002277
005518
004606
003169
008982
001018
006777
000306
003627
004148
002539
008772
006987
000448
007327
001756
005530
005524
003155
001024
008766
005242
003974
009281
009295
008835
003960
001187
003790
003948
005487
004799
007284
004955
003784
008809
006824
000266
009524
006617
002471
003009
005478
009242
006171
000500
000514
002465
004014
006603
003753
007535
008606
009518
001144
001622
008160
004982
003021
005450
001636
006159
007247
008174
000528
007521
008612
002459
005336
004028
005861
000919
007910
002868
005875
007092
005685
002854
001385
003586
000931
006398
007086
000702
009726
008438
000064
009732
005108
002667
002101
004570
007079
006367
001408
002129
004558
001420
001346
006429
003551
005134
001352
008410
007723
008376
007045
009068
001434
005652
003223
005135
005653
001421
007050
003236
005647
005121
002896
003550
007736
006428
002666
009733
006400
001409
006366
007078
000717
004571
004565
002114
000065
004203
002841
003587
002699
007939
001390
007093
001384
009900
002855
003593
007905
005874
008388
000918
005860
002869
007911
008175
006158
004997
005451
005337
002458
001151
001145
009519
008607
003752
004983
005445
003034
002302
004773
000515
006602
009531
004015
002470
000501
006170
003008
004954
007285
006825
001192
003949
003791
000298
001186
005486
001810
004968
003961
006819
008001
003154
003632
007454
009479
008773
005257
004149
003140
005531
006038
004607
005519
002276
009323
000461
000307
007468
009445
008983
002504
006762
008997
006004
009337
008029
001958
001780
006789
007497
008968
006945
007483
004834
003183
001964
008940
004808
001970
006548
007656
003430
004439
003356
007130
008203
000887
001541
001555
003424
005055
001233
007642
009647
008559
000663
009121
006212
004405
004411
000677
006206
006560
002706
002935
009860
001582
003395
005928
000850
000688
009874
007859
009684
000878
005914
009848
007865
009686
007873
009692
003397
001580
009862
007697
002937
005094
007683
001594
005719
009123
006210
000661
000107
007668
006576
002710
004361
002704
000113
006562
008229
000675
001543
000885
007132
003354
007654
009679
001225
007640
008573
007898
001231
002738
005057
004349
005731
001557
006238
008942
009484
003817
001972
003803
009490
006953
001782
003195
003181
004836
007481
006947
004163
002512
008759
000305
000463
006012
004605
002260
004611
000477
007318
008995
006760
000311
003618
005269
001027
006748
006990
002248
005527
001999
007330
001741
008017
009309
001755
003142
008771
008836
003963
008188
009296
001806
009282
008822
006827
004956
001184
006833
003793
002466
004017
009533
006166
009255
002300
006172
000503
008639
009527
002472
004003
005453
004995
009269
008177
007244
008163
007250
002328
003988
003750
000259
007536
006628
001147
009094
009080
003585
009902
001386
000926
005686
002102
008349
000073
004215
002664
004201
002670
002116
005679
000729
007046
005889
003546
002880
004229
002658
007720
008413
001345
009719
005645
007052
005122
007735
009718
008360
005644
005888
001436
008374
000728
007721
001350
002659
005136
004228
002881
000066
007709
006417
009724
001378
004200
004566
002117
006371
009042
000700
000714
000072
001387
000099
005687
007090
007084
005693
002842
001393
009917
005863
005877
002329
007537
008604
003751
005320
001152
007523
008610
007245
009268
004994
003023
002315
009526
008638
009532
000270
003779
004016
004770
000516
007279
009254
001608
007292
004943
005485
003792
001185
001191
003786
006198
009283
001807
008823
008837
008189
001754
009308
007325
007443
008770
005254
003625
000338
007457
008764
008002
003157
005526
002249
001768
009334
000476
002261
005268
006761
000304
009446
008980
002513
004604
000462
000489
001797
004837
004189
005297
007480
006952
005283
004823
003194
009491
008943
005056
001230
007899
008572
000648
001556
005730
003355
008200
007133
001224
009678
007655
003433
005042
009650
000112
002063
009136
000660
005718
003369
004360
009644
007682
009877
003382
001595
000847
003396
002088
005081
007696
009863
006588
009693
005917
005903
007872
009687
007692
009867
002932
005085
003392
000843
000857
002098
003386
007876
008562
007889
006229
000880
008204
003351
007123
008576
001234
009668
005052
009898
000102
002715
004364
009126
006215
006201
003379
002067
004370
007679
009654
001787
000499
006956
007490
007484
005293
003184
001793
001963
009481
003806
008953
001977
005522
009318
006995
008760
003635
005244
003621
006759
001036
000328
006981
008012
001750
005536
002259
003147
004628
001778
009324
004600
003609
005278
006765
009456
008748
002265
009330
004953
006822
006836
003796
005481
007296
006188
008833
003966
008199
009287
004748
003027
004990
001630
007241
007527
001156
007533
001142
009278
008166
004984
006163
009250
002305
004012
008628
006605
006611
005318
002477
004760
002311
006177
009244
001618
009913
000089
001397
003580
005697
000937
007080
000923
003594
001383
007902
009091
005873
005867
009085
007916
008416
008370
001432
005654
005640
003231
008364
000738
001426
006349
007731
002891
002649
009734
005668
003219
004576
000710
006375
004562
004204
002675
004563
002112
006374
000705
008359
000063
009721
004205
007718
000077
009735
009053
000711
003218
005669
006348
001427
000739
008365
007056
005899
005641
002648
003556
004239
008403
001341
007724
009709
002884
005655
007042
005682
007095
002847
000936
005696
004588
002476
005319
009523
006610
009245
006176
002310
004761
000513
009251
006162
009537
000275
004013
002462
001143
008601
003754
005325
004985
003032
009279
008173
005457
004991
003740
003998
005331
006638
000249
007526
008615
008826
003973
009286
001816
003797
006189
007297
004946
007283
001194
003783
002502
008749
009457
009331
004601
002270
009325
007308
008985
009443
003608
007446
008775
000329
003620
003146
001989
007334
005245
003634
006994
009494
003807
001976
001962
009480
005292
006943
004832
003185
004826
000498
007491
000671
009133
009655
001209
000117
007678
004371
004365
002714
006572
009641
006214
008211
007122
001553
000895
005735
003344
003422
001221
007650
004359
003436
005047
003350
005912
008588
007863
007877
005906
002099
001590
009872
007687
006599
005090
005084
002933
000842
007685
009870
000854
005938
003391
001586
007691
002931
005086
002919
005910
000868
009858
000129
001237
003420
004429
002058
008213
001545
005723
005045
002702
008549
006564
006202
009131
002064
002070
006216
001579
000667
007108
000101
006570
005079
003408
004367
004830
001948
006799
005290
007493
008978
001784
009496
008944
003811
004818
001960
007322
005535
003622
005253
009469
003636
005521
003150
007336
008005
000459
001747
006028
005509
002266
003178
009333
006000
009455
006766
001009
000317
004171
002500
002514
006772
008987
000303
009327
002272
007295
001182
006835
003781
006821
000288
001828
004950
005496
004788
001800
003971
003965
009290
006148
001627
007256
004987
005441
005327
002448
004039
007530
007524
008617
003024
005455
001633
008171
009247
006174
008159
000263
006612
004005
002460
004011
006606
004777
002306
005469
002689
003597
009904
000920
007097
005680
000934
002845
009938
007915
005864
009086
008398
000908
002879
007901
001343
007732
003554
007054
009079
007040
005657
004549
002886
005131
006438
008415
000061
007068
000707
009045
002104
000713
006362
009051
006404
009737
008429
002662
006363
000712
004574
004212
000060
006411
002677
006377
001418
004548
002139
001430
008372
007727
000048
005130
005124
003555
002893
009078
003233
007900
007914
009939
009087
000935
005695
002844
001395
009911
007928
009905
003596
005859
000921
001168
000276
007519
004010
002461
002307
004776
006161
009252
006175
009246
009520
000262
003743
009508
001154
007525
007243
001632
005454
004992
005440
004986
003031
008164
001140
008602
005326
008831
009291
009285
001801
006808
003970
000289
003780
004789
005497
004951
007280
007294
005483
008819
000302
006773
009440
004164
002273
009326
000464
006001
000470
002267
005508
002501
004170
007479
001008
009454
005246
002529
004158
007451
006029
001746
008004
003145
001752
007323
008776
007445
006983
009468
003623
006968
008951
009497
008979
005285
004825
001785
004831
003186
003838
007486
006940
007109
002717
005078
009656
006565
004372
000672
006203
001544
000882
007653
003435
003421
001236
007647
007121
000896
005736
005905
009859
009681
009695
005911
000699
003390
009865
005093
002924
001593
000855
009194
009180
007813
001292
009816
002943
007185
000832
007191
000826
005786
004498
002957
003491
001286
000198
000173
004315
002002
009157
006264
006270
000601
003308
005779
001279
005037
004329
008513
001537
006258
007146
008275
003320
005989
001523
007152
008261
009619
005023
002994
003452
008936
003863
003877
009382
001906
004856
005590
002599
006933
001084
004842
005584
000417
006066
004671
003678
004117
005209
002566
009433
006714
008739
002572
002214
000403
004895
003122
007344
001053
007422
003644
007436
000359
008063
007350
001721
002228
005547
009584
008856
001872
001682
006847
005396
004936
000588
009221
000563
004705
002374
006674
000211
006660
005369
004077
001669
000577
003056
002348
001899
008103
007230
008665
006648
001127
005355
006884
009209
008117
007224
003042
005433
008498
009792
000946
001480
001494
009745
006476
007768
000007
002176
004507
000761
008329
009037
006304
004275
006462
005143
001325
007754
008467
008301
001443
005625
003254
005631
003240
008315
006338
000991
001457
007998
007740
006339
000748
005630
005156
008472
001330
007999
008466
009778
001324
003255
005624
001442
008300
007033
004512
002163
006305
009036
000774
000012
006463
002605
004274
002611
009022
000760
003269
005618
003282
005195
002836
005181
006488
001481
000947
003296
005817
008499
005803
007543
008670
008116
009208
001654
001898
001640
003057
005340
004076
005368
002407
006661
000210
007219
006107
002361
004710
002375
008880
009546
002413
005397
004089
000589
003094
001683
007594
006852
005383
009591
008843
009585
007437
003889
005220
003651
003137
007351
008062
001734
009368
008076
005552
003645
008710
001052
004102
008738
006073
002215
002201
001708
009354
006067
000416
000370
009432
002567
005208
003679
006932
005585
005591
004857
006098
001091
002598
008923
003876
001907
008260
007153
001522
003335
003453
002995
009618
008506
001250
008512
007621
005036
002759
005988
000628
007147
006259
001536
004466
004300
002765
006503
008248
004499
000827
001287
002956
003484
002942
001293
007184
009181
005963
007812
009195
007810
005961
009197
005975
002954
003492
009801
005791
000831
007838
002940
002798
000164
006515
004464
002015
004470
002001
006267
000170
006501
002767
000158
007637
006529
005020
003451
003337
008262
009168
005752
003874
008921
006918
003860
004869
001911
004699
004841
007390
006930
003848
003690
003684
006924
008909
001093
005593
000400
009342
006071
001078
009424
004100
002571
002565
006703
000372
008048
006065
004672
008060
004882
005544
003135
005222
009418
007435
008706
001050
007421
005236
002559
004896
005550
003121
000428
006878
009587
008841
008699
004935
003082
006844
005395
006850
009236
006105
009550
002405
002411
004060
006677
006111
004706
005418
002377
006139
007227
005430
002439
003727
006887
001130
006893
007555
001124
005424
001642
008100
009949
007964
005815
007970
009785
002820
007958
000951
001497
005829
003280
003294
001483
009961
005183
002834
003519
005168
000776
009034
001468
004510
009020
006475
009746
002613
001332
008470
007743
003525
003243
008316
007025
008302
007031
001326
006449
003256
004539
001441
000987
000039
008465
006448
001327
003530
003524
007742
001333
001455
000993
008317
003242
000763
002174
004263
000005
009747
006474
002606
005169
003518
009035
006306
007018
000777
002835
007795
007959
007781
005828
000950
007971
009790
005814
003732
005343
001125
009579
008667
006892
008101
001643
003054
005431
000549
008115
007540
006886
008883
001119
009545
007568
000207
002410
002376
005419
004707
006104
002362
004075
002404
009551
006689
005380
001680
001858
003083
006845
003915
008698
008840
009586
001864
001870
008854
002558
004129
003646
008713
006058
008075
007346
003120
004897
003134
001723
008061
009419
001045
005223
000373
006702
002564
004673
002202
008049
006070
009343
003108
005579
000367
007408
001079
001092
003685
005592
007385
001938
005586
004840
003691
003849
006931
003861
006919
009394
004868
001904
008920
007144
007622
003444
003450
001247
000159
007150
008263
001521
005747
004459
003336
009155
001509
002000
004471
002766
000171
009627
000165
004303
002772
009141
006272
006299
000830
007187
005948
005790
003487
002941
001290
009800
001284
003493
005784
007193
009196
009828
002969
000818
005960
007197
000820
006289
005780
003497
001294
009810
005794
000834
005964
009186
007815
000808
009192
005970
005743
009179
007154
002992
002986
007626
006538
001531
007140
005757
006276
007168
002776
003468
004307
000161
009623
008529
009637
002762
002004
006262
009151
000613
006935
001082
003695
005582
007381
001928
004850
003859
003681
003871
006909
004878
008930
003865
003656
001041
007356
000439
001727
005541
003124
001733
009409
007424
008717
003642
009421
000363
004105
002212
009347
006074
000411
003118
004111
006706
001069
006699
006841
003939
001690
001684
003093
005384
008878
006855
003905
009596
008688
001860
006869
003911
003722
007544
001653
007222
003044
005421
006128
001647
000559
007236
008105
008663
006896
001121
007578
001109
006666
003078
002366
006100
009227
000565
008139
002372
000203
009541
001492
000954
003285
007791
005186
004298
005838
001486
009794
009958
009780
005637
002158
008313
007020
001451
000997
006458
001337
008475
007746
005145
001323
008461
008307
001445
009019
004273
008449
006470
009743
003508
005179
002170
007008
000767
001479
003509
009024
007009
004500
002171
004514
002165
000772
009756
006465
002603
004272
007753
005144
003253
000982
009018
001444
007035
008306
000996
001450
007021
008312
004528
003247
005636
005150
003521
006459
007974
009781
009959
005805
005811
007790
000799
003290
005839
003284
001493
002373
004702
008138
000564
006673
009540
008886
002415
002401
006667
008892
007579
005408
002367
006129
005420
003051
004058
005346
007551
009568
006883
008676
005352
005434
003045
007223
001861
006868
009597
001875
003092
001685
007592
008879
005385
005391
006840
007586
006698
001691
001849
003086
004931
004676
005568
006061
007419
001068
006707
009434
002561
004110
009420
000404
004662
002213
001732
007343
005554
008716
007425
009408
008702
007431
002549
003657
004138
004886
001726
000438
008064
001915
008931
006908
004879
001901
004689
001097
003694
008919
001083
006934
007394
005583
004312
002763
009636
000174
000612
009150
004474
002011
009144
006277
003469
005018
008514
002987
003441
005756
002039
003327
007141
008272
001524
009178
005742
003455
005024
007633
002978
005971
009193
009187
008299
009839
007814
002944
007182
005781
009805
001281
003496
007180
009813
000189
002946
002952
009807
007194
000823
005783
009191
009185
001532
003325
005032
003443
001254
007631
008502
001240
005026
002749
004338
003331
005998
005740
006249
001526
005768
006261
000610
007619
001268
009634
006507
004310
002775
004304
000162
009620
006275
008258
006922
006088
007396
003696
008933
003866
009393
001903
003872
008927
006739
001056
007427
005230
003899
004890
003127
004648
008072
001730
001724
009378
005542
003133
003655
005224
001042
007433
002563
000374
008728
009350
004674
004660
007369
000406
001718
009422
004106
003669
005387
007590
000599
003090
001693
006842
005393
008847
003912
001877
005344
003735
003053
009218
008106
001650
001888
008112
003047
002359
005436
005350
003721
007547
000228
001136
005378
002417
003709
004066
000200
008884
006671
009542
006117
009224
001678
002371
004714
006103
009230
000214
008890
002403
003292
001485
000943
005185
005191
002826
007786
007976
009797
005813
006329
000980
005620
004258
003537
005146
007751
008462
001334
007745
007023
008310
004502
008338
000764
006473
004264
002615
004270
009754
000016
007779
000770
009032
006301
005608
003279
000017
001309
006466
009755
002600
004271
004517
002166
005609
006300
000771
006314
009027
002172
004265
006472
005153
003522
008477
001453
008311
007022
003244
003250
007036
003536
004259
007963
009796
005812
005806
006499
002827
005190
002199
001490
001484
003293
002833
007793
002364
004715
004073
009557
006664
008891
000215
009543
006670
008885
004067
003708
005379
004701
007208
001651
006658
001137
006880
000229
007546
005351
005345
007234
008107
005423
003907
003913
009580
001862
003085
007585
004926
001686
000598
000407
005219
009437
006704
004113
004675
009351
006062
004885
001725
008067
007432
008701
001043
003654
003898
005231
003640
000349
001057
006738
004649
003126
002238
001902
008098
009386
008926
008932
009392
006089
004846
002589
004852
007383
006512
009621
000163
002774
002012
004463
000605
009147
006260
009153
005769
002006
002760
006506
001269
000177
007618
004339
002990
005027
001241
008503
005741
003330
005755
009609
008517
007624
002984
005033
009184
007803
002953
005782
000822
004488
005796
002947
